SDEF CEL=d1 X=FCEL d2 Y=FCEL d3 Z=FCEL d4 ERG=FCEL d5 PAR=P
     WGT=6670694390.642950
SI1 L 991 992 993 994 995 996 1340 1350 1370 1371 1372 1373 1374 1375 1376 
     1377 1378 1401 1402 1403 2060 2260 2265 2266 2310 2430 3000 3002 3161 
     3171 3172 3180 3200 3201 13105 13705 13709 13710 
SP1   503156419.15214145 4928061.552270798 10103437.161288578 
     269487.36078368954 17615280.401034232 2144042.3590376414 
     133661323.6864896 1275650.905690368 562093346.7631643 144.211715976 
     4.1702822640224 2461.298569795891 284.77540380095996 373.88152339967996 
     1861.4109181104618 1371.5939941380097 456.8166089539583 
     1811.5714104987649 65.75784024691201 524.324974532736 1348135777.8394082 
     329535499.96768 403522783.25207996 9132695.060337847 2053753299.6662407 
     432893.4731935625 124804884.64505242 951220757.7251842 3863348.975020851 
     102.80527833047037 7867.021969794662 1353.179278025933 266204.6809521835 
     37372.8495148425 209750598.93043196 983.32815351296 971181.8265839873 
     376.2614480178816 
DS2 S 6 7 8 9 10 11 12 13 14 15 16 17 18 19 20 21 22 23 24 25 26 27 28 29 30 
     31 32 33 34 35 36 37 38 39 40 41 42 43 
SI6 0.00 280.00 
SP6 0 1
SI7 0.00 280.00 
SP7 0 1
SI8 -310.00 470.00 
SP8 0 1
SI9 -310.00 470.00 
SP9 0 1
SI10 -310.00 0.00 
SP10 0 1
SI11 280.00 470.00 
SP11 0 1
SI12 80.00 280.00 
SP12 0 1
SI13 -40.00 200.00 
SP13 0 1
SI14 -120.00 0.00 
SP14 0 1
SI15 -200.00 -120.00 
SP15 0 1
SI16 -440.00 -120.00 
SP16 0 1
SI17 -600.00 -520.00 
SP17 0 1
SI18 -520.00 -440.00 
SP18 0 1
SI19 -520.00 -200.00 
SP19 0 1
SI20 -520.00 -40.00 
SP20 0 1
SI21 -600.00 -40.00 
SP21 0 1
SI22 -600.00 -40.00 
SP22 0 1
SI23 -40.00 0.00 
SP23 0 1
SI24 0.00 200.00 
SP24 0 1
SI25 80.00 280.00 
SP25 0 1
SI26 230.00 270.00 
SP26 0 1
SI27 80.00 180.00 
SP27 0 1
SI28 80.00 180.00 
SP28 0 1
SI29 80.00 180.00 
SP29 0 1
SI30 180.00 280.00 
SP30 0 1
SI31 270.00 280.00 
SP31 0 1
SI32 280.00 360.00 
SP32 0 1
SI33 -40.00 280.00 
SP33 0 1
SI34 280.00 360.00 
SP34 0 1
SI35 280.00 360.00 
SP35 0 1
SI36 -40.00 280.00 
SP36 0 1
SI37 280.00 360.00 
SP37 0 1
SI38 -40.00 360.00 
SP38 0 1
SI39 -40.00 360.00 
SP39 0 1
SI40 -120.00 360.00 
SP40 0 1
SI41 -120.00 -40.00 
SP41 0 1
SI42 -120.00 -40.00 
SP42 0 1
SI43 -120.00 -40.00 
SP43 0 1
DS3 S 45 46 47 48 49 50 51 52 53 54 55 56 57 58 59 60 61 62 63 64 65 66 67 68 
     69 70 71 72 73 74 75 76 77 78 79 80 81 82 
SI45 240.00 880.00 
SP45 0 1
SI46 240.00 880.00 
SP46 0 1
SI47 -480.00 240.00 
SP47 0 1
SI48 880.00 925.00 
SP48 0 1
SI49 240.00 880.00 
SP49 0 1
SI50 240.00 880.00 
SP50 0 1
SI51 640.00 720.00 
SP51 0 1
SI52 800.00 880.00 
SP52 0 1
SI53 240.00 800.00 
SP53 0 1
SI54 720.00 800.00 
SP54 0 1
SI55 -480.00 -400.00 
SP55 0 1
SI56 -480.00 800.00 
SP56 0 1
SI57 720.00 800.00 
SP57 0 1
SI58 -320.00 -240.00 
SP58 0 1
SI59 800.00 880.00 
SP59 0 1
SI60 160.00 800.00 
SP60 0 1
SI61 -480.00 160.00 
SP61 0 1
SI62 -480.00 160.00 
SP62 0 1
SI63 -480.00 -400.00 
SP63 0 1
SI64 -320.00 -240.00 
SP64 0 1
SI65 240.00 385.00 
SP65 0 1
SI66 385.00 425.00 
SP66 0 1
SI67 385.00 425.00 
SP67 0 1
SI68 385.00 425.00 
SP68 0 1
SI69 385.00 425.00 
SP69 0 1
SI70 242.50 382.50 
SP70 0 1
SI71 240.00 880.00 
SP71 0 1
SI72 240.00 880.00 
SP72 0 1
SI73 240.00 880.00 
SP73 0 1
SI74 -480.00 160.00 
SP74 0 1
SI75 -480.00 160.00 
SP75 0 1
SI76 -480.00 160.00 
SP76 0 1
SI77 240.00 442.50 
SP77 0 1
SI78 202.50 240.00 
SP78 0 1
SI79 160.00 240.00 
SP79 0 1
SI80 -480.00 160.00 
SP80 0 1
SI81 240.00 800.00 
SP81 0 1
SI82 160.00 240.00 
SP82 0 1
DS4 S 84 85 86 87 88 89 90 91 92 93 94 95 96 97 98 99 100 101 102 103 104 105 
     106 107 108 109 110 111 112 113 114 115 116 117 118 119 120 121 
SI84 -50.00 0.00 
SP84 0 1
SI85 -100.00 -50.00 
SP85 0 1
SI86 -100.00 0.00 
SP86 0 1
SI87 -100.00 0.00 
SP87 0 1
SI88 -100.00 0.00 
SP88 0 1
SI89 -100.00 0.00 
SP89 0 1
SI90 0.00 240.00 
SP90 0 1
SI91 0.00 240.00 
SP91 0 1
SI92 0.00 240.00 
SP92 0 1
SI93 0.00 500.00 
SP93 0 1
SI94 0.00 500.00 
SP94 0 1
SI95 0.00 500.00 
SP95 0 1
SI96 0.00 500.00 
SP96 0 1
SI97 0.00 500.00 
SP97 0 1
SI98 0.00 580.00 
SP98 0 1
SI99 500.00 580.00 
SP99 0 1
SI100 500.00 580.00 
SP100 0 1
SI101 0.00 240.00 
SP101 0 1
SI102 0.00 240.00 
SP102 0 1
SI103 0.00 240.00 
SP103 0 1
SI104 0.00 240.00 
SP104 0 1
SI105 150.00 230.00 
SP105 0 1
SI106 0.00 150.00 
SP106 0 1
SI107 230.00 240.00 
SP107 0 1
SI108 0.00 240.00 
SP108 0 1
SI109 0.00 237.50 
SP109 0 1
SI110 0.00 240.00 
SP110 0 1
SI111 240.00 320.00 
SP111 0 1
SI112 240.00 320.00 
SP112 0 1
SI113 240.00 320.00 
SP113 0 1
SI114 240.00 320.00 
SP114 0 1
SI115 0.00 240.00 
SP115 0 1
SI116 320.00 350.00 
SP116 0 1
SI117 320.00 350.00 
SP117 0 1
SI118 0.00 320.00 
SP118 0 1
SI119 0.00 500.00 
SP119 0 1
SI120 240.00 500.00 
SP120 0 1
SI121 320.00 500.00 
SP121 0 1
DS5 S 123 124 125 126 127 128 129 130 131 132 133 134 135 136 137 138 139 140 
     141 142 143 144 145 146 147 148 149 150 151 152 153 154 155 156 157 158 
     159 160 
SI123 H 0.0 0.01 0.02 0.05 0.1 0.2 0.3 0.4 0.6 0.8 1.0 1.22 1.44 1.66 2.0 2.5 
     3.0 4.0 5.0 6.5 8.0 10.0 12.0 14.0 20.0 
SP123 D 0.0 0.0052699 0.000143353 4.21614e-08 4.01099e-11 0.0127776 2.2265e-05 
     0.00223216 0.0574707 0.00295798 0.954028 0.340855 6.70456 0.196262 
     41.7752 0.106258 5.76394 0.161916 0.0127809 0.0553851 0.00373183 
     5.95216e-05 0.0 0.0 0.0 
SI124 H 0.0 0.01 0.02 0.05 0.1 0.2 0.3 0.4 0.6 0.8 1.0 1.22 1.44 1.66 2.0 2.5 
     3.0 4.0 5.0 6.5 8.0 10.0 12.0 14.0 20.0 
SP124 D 0.0 0.00410065 7.06923e-07 2.14188e-10 2.18921e-11 7.99979e-05 
     1.01114e-07 2.09564e-05 0.000406204 1.48693e-05 0.00572005 0.00206605 
     0.0737625 0.0739435 0.317306 0.000586399 0.0676286 0.00193614 0.000153235 
     0.00213536 0.000143255 2.2948e-06 0.0 0.0 0.0 
SI125 H 0.0 0.01 0.02 0.05 0.1 0.2 0.3 0.4 0.6 0.8 1.0 1.22 1.44 1.66 2.0 2.5 
     3.0 4.0 5.0 6.5 8.0 10.0 12.0 14.0 20.0 
SP125 D 0.0 0.0040946 2.03633e-07 6.83242e-11 2.18784e-11 2.12105e-05 
     2.98555e-08 4.18849e-06 0.000119966 4.25068e-06 0.0015536 0.000559231 
     0.0136859 0.0728826 0.073895 0.000162166 0.0121607 0.000345409 
     2.73059e-05 0.000363381 2.43752e-05 3.90509e-07 0.0 0.0 0.0 
SI126 H 0.0 0.01 0.02 0.05 0.1 0.2 0.3 0.4 0.6 0.8 1.0 1.22 1.44 1.66 2.0 2.5 
     3.0 4.0 5.0 6.5 8.0 10.0 12.0 14.0 20.0 
SP126 D 0.0 0.00409252 5.29442e-12 1.49185e-11 2.18628e-11 3.62869e-09 
     2.50333e-11 1.85608e-09 1.47766e-05 5.2242e-10 2.70661e-07 9.664e-08 
     7.67165e-06 0.0726301 2.40542e-05 2.71271e-08 7.25829e-06 2.26623e-07 
     1.79989e-08 0.0 0.0 0.0 0.0 0.0 0.0 
SI127 H 0.0 0.01 0.02 0.05 0.1 0.2 0.3 0.4 0.6 0.8 1.0 1.22 1.44 1.66 2.0 2.5 
     3.0 4.0 5.0 6.5 8.0 10.0 12.0 14.0 20.0 
SP127 D 0.0 0.00410886 1.88414e-06 5.74103e-10 2.2187e-11 0.000173525 
     2.94491e-07 3.33391e-05 0.000813537 3.93686e-05 0.0128706 0.00460703 
     0.103746 0.0744899 0.59111 0.00142626 0.0907653 0.00256147 0.000202362 
     0.000858433 5.78692e-05 9.2257e-07 0.0 0.0 0.0 
SI128 H 0.0 0.01 0.02 0.05 0.1 0.2 0.3 0.4 0.6 0.8 1.0 1.22 1.44 1.66 2.0 2.5 
     3.0 4.0 5.0 6.5 8.0 10.0 12.0 14.0 20.0 
SP128 D 0.0 0.00409298 1.71583e-08 4.08217e-11 2.18628e-11 4.7344e-06 
     2.41619e-09 5.72687e-06 2.67695e-05 4.1531e-07 0.000194804 7.21156e-05 
     0.0231181 0.0729898 0.0526845 1.946e-05 0.0223602 0.000648515 5.14455e-05 
     4.65021e-05 3.13505e-06 4.998e-08 0.0 0.0 0.0 
SI129 H 0.0 0.01 0.02 0.05 0.1 0.2 0.3 0.4 0.6 0.8 1.0 1.22 1.44 1.66 2.0 2.5 
     3.0 4.0 5.0 6.5 8.0 10.0 12.0 14.0 20.0 
SP129 D 0.0 0.0328466 0.00775047 5.39279e-06 8.22112e-05 0.018158 0.000194122 
     0.0218524 0.0147559 0.0075704 14.5141 0.227506 7.48561 0.0114936 9.66475 
     2.09528 0.575826 0.103347 0.00627955 0.0189325 0.00127589 2.03407e-05 0.0 
     0.0 0.0 
SI130 H 0.0 0.01 0.02 0.05 0.1 0.2 0.3 0.4 0.6 0.8 1.0 1.22 1.44 1.66 2.0 2.5 
     3.0 4.0 5.0 6.5 8.0 10.0 12.0 14.0 20.0 
SP130 D 0.0 0.000104317 1.91455e-05 3.01087e-08 7.85778e-08 5.97861e-05 
     4.68192e-07 5.79082e-05 1.73494e-05 3.06477e-05 0.103582 0.000938568 
     0.0765166 9.03323e-05 0.0760351 0.0151669 0.00279824 0.000985838 
     6.49715e-05 0.000342243 2.30725e-05 3.6783e-07 0.0 0.0 0.0 
SI131 H 0.0 0.01 0.02 0.05 0.1 0.2 0.3 0.4 0.6 0.8 1.0 1.22 1.44 1.66 2.0 2.5 
     3.0 4.0 5.0 6.5 8.0 10.0 12.0 14.0 20.0 
SP131 D 0.0 0.0364796 0.00872979 6.60557e-06 8.33402e-05 0.0206134 0.000218048 
     0.024213 0.0152937 0.0082097 14.689 0.261544 7.17397 0.011612 9.75008 
     2.1093 0.614294 0.098621 0.0058789 0.0223427 0.00150424 2.40047e-05 0.0 
     0.0 0.0 
SI132 H 0.0 0.01 0.02 0.05 0.1 0.2 0.3 0.4 0.6 0.8 1.0 1.22 1.44 1.66 2.0 2.5 
     3.0 4.0 5.0 6.5 8.0 10.0 12.0 14.0 20.0 
SP132 D 0.0 1.44017e-08 1.62287e-11 4.54971e-11 6.62723e-11 2.34842e-09 
     7.47019e-11 1.59401e-09 7.68125e-11 1.42975e-08 1.62743e-05 6.37769e-08 
     1.33716e-05 6.37277e-08 1.2292e-05 2.41218e-06 3.72111e-07 1.71966e-07 
     1.15785e-08 0.0 0.0 0.0 0.0 0.0 0.0 
SI133 H 0.0 0.01 0.02 0.05 0.1 0.2 0.3 0.4 0.6 0.8 1.0 1.22 1.44 1.66 2.0 2.5 
     3.0 4.0 5.0 6.5 8.0 10.0 12.0 14.0 20.0 
SP133 D 0.0 8.86038e-09 1.56879e-11 4.41565e-11 6.47825e-11 1.12736e-10 
     7.4177e-11 6.26295e-11 6.74275e-11 1.13658e-08 9.24198e-08 1.68935e-10 
     7.65784e-08 4.95805e-08 7.03056e-08 1.379e-08 2.12843e-09 1.63857e-10 
     2.97675e-15 0.0 0.0 0.0 0.0 0.0 0.0 
SI134 H 0.0 0.01 0.02 0.05 0.1 0.2 0.3 0.4 0.6 0.8 1.0 1.22 1.44 1.66 2.0 2.5 
     3.0 4.0 5.0 6.5 8.0 10.0 12.0 14.0 20.0 
SP134 D 0.0 1.47591e-08 1.62595e-11 4.55736e-11 6.63573e-11 2.47672e-09 
     7.79897e-11 1.76002e-09 8.36189e-11 1.46402e-08 1.74978e-05 6.86353e-08 
     1.41395e-05 6.46564e-08 1.30783e-05 2.59497e-06 3.99814e-07 1.82395e-07 
     1.22403e-08 8.52326e-13 0.0 0.0 0.0 0.0 0.0 
SI135 H 0.0 0.01 0.02 0.05 0.1 0.2 0.3 0.4 0.6 0.8 1.0 1.22 1.44 1.66 2.0 2.5 
     3.0 4.0 5.0 6.5 8.0 10.0 12.0 14.0 20.0 
SP135 D 0.0 1.98425e-08 1.67566e-11 4.68058e-11 6.77266e-11 4.53213e-09 
     7.52143e-11 3.09758e-09 8.59745e-11 1.7176e-08 3.21616e-05 1.25932e-07 
     2.64252e-05 7.76172e-08 2.42919e-05 4.76702e-06 7.35377e-07 3.39845e-07 
     2.28818e-08 0.0 0.0 0.0 0.0 0.0 0.0 
SI136 H 0.0 0.01 0.02 0.05 0.1 0.2 0.3 0.4 0.6 0.8 1.0 1.22 1.44 1.66 2.0 2.5 
     3.0 4.0 5.0 6.5 8.0 10.0 12.0 14.0 20.0 
SP136 D 0.0 1.24302e-08 1.60353e-11 4.50177e-11 6.57395e-11 1.54823e-09 
     7.45142e-11 1.04307e-09 7.34589e-11 1.32427e-08 1.06158e-05 4.107e-08 
     8.58838e-06 5.86386e-08 7.94272e-06 1.57368e-06 2.42495e-07 1.10735e-07 
     7.43645e-09 0.0 0.0 0.0 0.0 0.0 0.0 
SI137 H 0.0 0.01 0.02 0.05 0.1 0.2 0.3 0.4 0.6 0.8 1.0 1.22 1.44 1.66 2.0 2.5 
     3.0 4.0 5.0 6.5 8.0 10.0 12.0 14.0 20.0 
SP137 D 0.0 1.91473e-08 1.6683e-11 4.66233e-11 6.75238e-11 4.2288e-09 
     8.08132e-11 3.02391e-09 9.56098e-11 1.70783e-08 3.04224e-05 1.19382e-07 
     2.46136e-05 7.58837e-08 2.27556e-05 4.51169e-06 6.95185e-07 3.17445e-07 
     2.13077e-08 1.48367e-12 0.0 0.0 0.0 0.0 0.0 
SI138 H 0.0 0.01 0.02 0.05 0.1 0.2 0.3 0.4 0.6 0.8 1.0 1.22 1.44 1.66 2.0 2.5 
     3.0 4.0 5.0 6.5 8.0 10.0 12.0 14.0 20.0 
SP138 D 0.0 1.47289e-08 1.62562e-11 4.55654e-11 6.63482e-11 2.46204e-09 
     7.61916e-11 1.71493e-09 8.26079e-11 1.44926e-08 1.74278e-05 6.72091e-08 
     1.40571e-05 6.44554e-08 1.30114e-05 2.58431e-06 3.98018e-07 1.81259e-07 
     1.21652e-08 0.0 0.0 0.0 0.0 0.0 0.0 
SI139 H 0.0 0.01 0.02 0.05 0.1 0.2 0.3 0.4 0.6 0.8 1.0 1.22 1.44 1.66 2.0 2.5 
     3.0 4.0 5.0 6.5 8.0 10.0 12.0 14.0 20.0 
SP139 D 0.0 1.07894e-08 1.58771e-11 4.46255e-11 6.53037e-11 8.93997e-10 
     7.43607e-11 5.92591e-10 7.07122e-11 1.23803e-08 5.77641e-06 2.24151e-08 
     4.67746e-06 5.44771e-08 4.32423e-06 8.56275e-07 1.31955e-07 6.02995e-08 
     4.05005e-09 0.0 0.0 0.0 0.0 0.0 0.0 
SI140 H 0.0 0.01 0.02 0.05 0.1 0.2 0.3 0.4 0.6 0.8 1.0 1.22 1.44 1.66 2.0 2.5 
     3.0 4.0 5.0 6.5 8.0 10.0 12.0 14.0 20.0 
SP140 D 0.0 4.52568e-08 1.92009e-11 5.28656e-11 7.44606e-11 1.46419e-08 
     8.66251e-11 1.03223e-08 1.61242e-10 3.07826e-08 0.00010739 4.14766e-07 
     8.68981e-05 1.4195e-07 8.03335e-05 1.59242e-05 2.45309e-06 1.11991e-06 
     7.52036e-08 0.0 0.0 0.0 0.0 0.0 0.0 
SI141 H 0.0 0.01 0.02 0.05 0.1 0.2 0.3 0.4 0.6 0.8 1.0 1.22 1.44 1.66 2.0 2.5 
     3.0 4.0 5.0 6.5 8.0 10.0 12.0 14.0 20.0 
SP141 D 0.0 1.09408e-08 1.58929e-11 4.46646e-11 6.53472e-11 9.59348e-10 
     7.4376e-11 6.36711e-10 7.09846e-11 1.24665e-08 6.16827e-06 2.424e-08 
     5.06809e-06 5.48387e-08 4.65887e-06 9.14252e-07 1.41036e-07 6.51778e-08 
     4.38844e-09 0.0 0.0 0.0 0.0 0.0 0.0 
SI142 H 0.0 0.01 0.02 0.05 0.1 0.2 0.3 0.4 0.6 0.8 1.0 1.22 1.44 1.66 2.0 2.5 
     3.0 4.0 5.0 6.5 8.0 10.0 12.0 14.0 20.0 
SP142 D 0.0 2.56977e-08 1.73151e-11 4.81905e-11 6.92654e-11 6.84144e-09 
     7.57565e-11 4.68767e-09 9.56804e-11 2.02199e-08 4.97114e-05 1.91976e-07 
     4.02299e-05 9.23075e-08 3.72013e-05 7.36922e-06 1.13558e-06 5.18691e-07 
     3.48347e-08 0.0 0.0 0.0 0.0 0.0 0.0 
SI143 H 0.0 0.01 0.02 0.05 0.1 0.2 0.3 0.4 0.6 0.8 1.0 1.22 1.44 1.66 2.0 2.5 
     3.0 4.0 5.0 6.5 8.0 10.0 12.0 14.0 20.0 
SP143 D 0.0 1.61251 0.404204 0.000267069 0.00468116 0.915081 0.0101401 1.15074 
     0.959894 0.339343 448.327 11.0967 136.02 0.330478 276.833 63.3596 23.6217 
     2.08311 0.10445 1.23115 0.082975 0.00132282 0.0 0.0 0.0 
SI144 H 0.0 0.01 0.02 0.05 0.1 0.2 0.3 0.4 0.6 0.8 1.0 1.22 1.44 1.66 2.0 2.5 
     3.0 4.0 5.0 6.5 8.0 10.0 12.0 14.0 20.0 
SP144 D 0.0 1.62268 0.402657 0.000251509 0.00696191 0.899844 0.0102148 1.27872 
     1.51772 0.347595 470.308 10.7223 155.826 0.35529 292.369 66.8212 23.8049 
     2.35308 0.122753 0.963393 0.0648422 0.00103498 0.0 0.0 0.0 
SI145 H 0.0 0.01 0.02 0.05 0.1 0.2 0.3 0.4 0.6 0.8 1.0 1.22 1.44 1.66 2.0 2.5 
     3.0 4.0 5.0 6.5 8.0 10.0 12.0 14.0 20.0 
SP145 D 0.0 2.54674 0.6723 0.0 0.0 0.867815 0.0134252 0.271833 0.420937 
     0.376641 454.718 0.213848 0.657625 0.0523376 133.518 67.9447 9.46315 
     0.80058 4.02868e-05 0.0 0.0 0.0 0.0 0.0 0.0 
SI146 H 0.0 0.01 0.02 0.05 0.1 0.2 0.3 0.4 0.6 0.8 1.0 1.22 1.44 1.66 2.0 2.5 
     3.0 4.0 5.0 6.5 8.0 10.0 12.0 14.0 20.0 
SP146 D 0.0 0.00884295 0.000591213 1.99199e-07 1.24716e-09 0.0503877 
     0.000113356 0.0105811 0.273491 0.0134285 3.74568 1.34228 28.3694 0.614427 
     167.414 0.483572 24.3848 0.694267 0.0547571 0.801839 0.0540566 
     0.000861789 0.0 0.0 0.0 
SI147 H 0.0 0.01 0.02 0.05 0.1 0.2 0.3 0.4 0.6 0.8 1.0 1.22 1.44 1.66 2.0 2.5 
     3.0 4.0 5.0 6.5 8.0 10.0 12.0 14.0 20.0 
SP147 D 0.0 8.21559 2.16018 0.0 0.0 2.78556 0.0431368 1.70552 5.00953 1.21033 
     1462.6 0.654054 2.1084 0.178023 429.461 218.55 30.4434 2.57579 
     0.000138347 0.0 0.0 0.0 0.0 0.0 0.0 
SI148 H 0.0 0.01 0.02 0.05 0.1 0.2 0.3 0.4 0.6 0.8 1.0 1.22 1.44 1.66 2.0 2.5 
     3.0 4.0 5.0 6.5 8.0 10.0 12.0 14.0 20.0 
SP148 D 0.0 0.00126372 0.0478671 0.0 0.151839 0.0 0.132135 0.318192 0.021176 
     0.00637167 0.610478 0.00376094 4.13808e-05 0.0 1.76925e-07 0.0 0.00881027 
     0.0 0.0 0.0 0.0 0.0 0.0 0.0 0.0 
SI149 H 0.0 0.01 0.02 0.05 0.1 0.2 0.3 0.4 0.6 0.8 1.0 1.22 1.44 1.66 2.0 2.5 
     3.0 4.0 5.0 6.5 8.0 10.0 12.0 14.0 20.0 
SP149 D 0.0 0.00204481 0.000224898 3.01622e-07 1.44718e-06 0.000862383 
     5.58854e-06 0.000928977 0.00027015 0.000823048 3.7481 0.0145856 2.96875 
     0.00324589 2.7313 0.555881 0.0856356 0.038787 0.00259792 0.00243606 
     0.000164222 2.61809e-06 0.0 0.0 0.0 
SI150 H 0.0 0.01 0.02 0.05 0.1 0.2 0.3 0.4 0.6 0.8 1.0 1.22 1.44 1.66 2.0 2.5 
     3.0 4.0 5.0 6.5 8.0 10.0 12.0 14.0 20.0 
SP150 D 0.0 0.0740812 0.0179348 1.24896e-05 0.000372562 0.0409763 0.000457848 
     0.0632078 0.0916664 0.0163874 25.2719 0.500826 10.6726 0.0199647 16.328 
     3.61511 1.14275 0.151837 0.00865084 0.0385342 0.00259664 4.13964e-05 0.0 
     0.0 0.0 
SI151 H 0.0 0.01 0.02 0.05 0.1 0.2 0.3 0.4 0.6 0.8 1.0 1.22 1.44 1.66 2.0 2.5 
     3.0 4.0 5.0 6.5 8.0 10.0 12.0 14.0 20.0 
SP151 D 0.0 0.000175503 1.69722e-05 2.70267e-08 1.10511e-07 7.17477e-05 
     4.20566e-07 7.69393e-05 2.29365e-05 7.44538e-05 0.34301 0.00126333 
     0.280606 0.000305062 0.25481 0.0508938 0.00768118 0.00359571 0.000241471 
     0.000332029 2.23839e-05 3.56851e-07 0.0 0.0 0.0 
SI152 H 0.0 0.01 0.02 0.05 0.1 0.2 0.3 0.4 0.6 0.8 1.0 1.22 1.44 1.66 2.0 2.5 
     3.0 4.0 5.0 6.5 8.0 10.0 12.0 14.0 20.0 
SP152 D 0.0 1.19286e-08 1.59887e-11 4.49022e-11 6.56112e-11 1.35578e-09 
     7.4469e-11 9.10546e-10 7.26478e-11 1.29891e-08 9.05249e-06 3.55238e-08 
     7.43787e-06 5.74141e-08 6.83735e-06 1.34176e-06 2.06984e-07 9.56549e-08 
     6.44046e-09 0.0 0.0 0.0 0.0 0.0 0.0 
SI153 H 0.0 0.01 0.02 0.05 0.1 0.2 0.3 0.4 0.6 0.8 1.0 1.22 1.44 1.66 2.0 2.5 
     3.0 4.0 5.0 6.5 8.0 10.0 12.0 14.0 20.0 
SP153 D 0.0 1.07659e-07 1.1457e-08 5.83123e-11 8.05133e-11 3.84955e-08 
     3.40617e-10 4.00421e-08 8.94113e-10 5.08891e-08 0.000174533 6.84588e-07 
     0.000141246 2.01761e-07 0.000130572 2.58833e-05 3.99743e-06 1.82158e-06 
     1.22275e-07 7.98382e-07 5.38248e-08 8.58093e-10 0.0 0.0 0.0 
SI154 H 0.0 0.01 0.02 0.05 0.1 0.2 0.3 0.4 0.6 0.8 1.0 1.22 1.44 1.66 2.0 2.5 
     3.0 4.0 5.0 6.5 8.0 10.0 12.0 14.0 20.0 
SP154 D 0.0 2.24231e-08 1.69975e-11 4.7403e-11 6.83903e-11 5.52788e-09 
     7.88193e-11 3.88156e-09 1.02408e-10 1.8593e-08 4.01458e-05 1.54725e-07 
     3.23923e-05 8.39622e-08 2.99788e-05 5.95311e-06 9.16883e-07 4.17659e-07 
     2.80328e-08 0.0 0.0 0.0 0.0 0.0 0.0 
SI155 H 0.0 0.01 0.02 0.05 0.1 0.2 0.3 0.4 0.6 0.8 1.0 1.22 1.44 1.66 2.0 2.5 
     3.0 4.0 5.0 6.5 8.0 10.0 12.0 14.0 20.0 
SP155 D 0.0 0.00409278 5.34616e-12 2.86127e-11 2.18628e-11 4.63194e-06 
     3.96783e-09 1.70398e-06 3.19508e-05 6.11832e-07 0.000223774 8.09312e-05 
     0.00637565 0.0727529 0.0195747 2.40627e-05 0.00603457 0.000186984 
     1.48418e-05 0.000139594 9.41111e-06 1.50035e-07 0.0 0.0 0.0 
SI156 H 0.0 0.01 0.02 0.05 0.1 0.2 0.3 0.4 0.6 0.8 1.0 1.22 1.44 1.66 2.0 2.5 
     3.0 4.0 5.0 6.5 8.0 10.0 12.0 14.0 20.0 
SP156 D 0.0 0.00409257 5.30421e-12 1.7509e-11 2.18628e-11 5.64682e-07 
     7.74774e-10 3.08858e-07 1.82532e-05 1.16509e-07 4.25687e-05 1.54052e-05 
     0.00121164 0.0726481 0.00377461 4.51996e-06 0.00114718 3.55958e-05 
     2.82526e-06 5.28948e-05 3.56606e-06 5.68512e-08 0.0 0.0 0.0 
SI157 H 0.0 0.01 0.02 0.05 0.1 0.2 0.3 0.4 0.6 0.8 1.0 1.22 1.44 1.66 2.0 2.5 
     3.0 4.0 5.0 6.5 8.0 10.0 12.0 14.0 20.0 
SP157 D 0.0 0.0193643 0.00468138 4.61449e-06 3.22421e-05 0.0119094 0.000115725 
     0.0127692 0.00645655 0.00420451 7.25899 0.163239 3.30185 0.00569724 
     4.87793 1.02923 0.317038 0.0452524 0.00263787 0.0076249 0.000511917 
     8.19041e-06 0.0 0.0 0.0 
SI158 H 0.0 0.01 0.02 0.05 0.1 0.2 0.3 0.4 0.6 0.8 1.0 1.22 1.44 1.66 2.0 2.5 
     3.0 4.0 5.0 6.5 8.0 10.0 12.0 14.0 20.0 
SP158 D 0.0 1.35671e-08 1.61448e-11 4.52892e-11 6.60413e-11 2.00118e-09 
     7.46205e-11 1.35493e-09 7.53608e-11 1.38397e-08 1.39726e-05 5.3988e-08 
     1.12965e-05 6.15197e-08 1.04497e-05 2.0713e-06 3.19163e-07 1.45664e-07 
     9.78093e-09 0.0 0.0 0.0 0.0 0.0 0.0 
SI159 H 0.0 0.01 0.02 0.05 0.1 0.2 0.3 0.4 0.6 0.8 1.0 1.22 1.44 1.66 2.0 2.5 
     3.0 4.0 5.0 6.5 8.0 10.0 12.0 14.0 20.0 
SP159 D 0.0 4.65285e-05 9.82456e-06 1.07286e-08 8.96908e-08 2.5922e-05 
     2.44553e-07 2.90735e-05 1.80964e-05 1.20824e-05 0.0322359 0.000360883 
     0.0214665 2.74358e-05 0.022963 0.00469896 0.00100219 0.000282225 
     1.82218e-05 0.000168811 1.13803e-05 1.81429e-07 0.0 0.0 0.0 
SI160 H 0.0 0.01 0.02 0.05 0.1 0.2 0.3 0.4 0.6 0.8 1.0 1.22 1.44 1.66 2.0 2.5 
     3.0 4.0 5.0 6.5 8.0 10.0 12.0 14.0 20.0 
SP160 D 0.0 4.93066e-08 1.96241e-11 5.39148e-11 7.56266e-11 1.63952e-08 
     7.79978e-11 1.12658e-08 1.3573e-10 3.2814e-08 0.000117783 4.63297e-07 
     9.73395e-05 1.53071e-07 8.92807e-05 1.74571e-05 2.69409e-06 1.25065e-06 
     8.42878e-08 0.0 0.0 0.0 0.0 0.0 0.0 
